1693274724086398208
1693274724419036672
1693274724752036608
1693274725124527872
1693274725260277248
1693274725360260608
1693274725476763392
1693274725585142272
1693274725693423360
1693274725801731840
1693274725910091520
1693274726018416128
1693274726126762752
1693274726235200000
1693274726343490048
1693274726451800320
1693274726568481792
1693274726676862976
1693274726785141504
1693274726893473792
1693274727001804288
1693274727110422272
1693274727218486784
1693274727326823936
1693274727435182080
1693274727551850240
1693274727660150272
1693274727768502272
1693274727876913664
1693274727985234944
1693274728093535744
1693274728201829376
1693274728310227200
1693274728418575616
1693274728526858496
1693274728643547136
1693274728743620864
1693274728860179200
1693274728968650496
1693274729076857088
1693274729185205504
1693274729293519360
1693274729401871360
1693274729510302208
1693274729618537984
1693274729735228928
1693274729843720192
1693274729951857920
1693274730060213504
1693274730176909312
1693274730285386496
1693274730393533184
1693274730501888768
1693274730610241792
1693274730718542592
1693274730826887680
1693274730935230720
1693274731043600896
1693274731160326144
1693274731268583424
1693274731376985088
1693274731485236480
1693274731593598464
1693274731701924096
1693274731810271488
1693274731918583296
1693274732035243776
1693274732143600896
1693274732251916288
1693274732360254208
1693274732477100544
1693274732585292032
1693274732693632768
1693274732801958144
1693274732910317568
1693274733018611456
1693274733135278080
1693274733243672064
1693274733351948288
1693274733460310784
1693274733568775168
1693274733685289216
1693274733793624576
1693274733901946880
1693274734010313984
1693274734118625280
1693274734235353344
1693274734343671296
1693274734451983360
1693274734568679680
1693274734676994816
1693274734785349888
1693274734893677824
1693274735001981184
1693274735118683904
1693274735227022592
1693274735335333376
1693274735443687424
1693274735552024832
1693274735660351744
1693274735768677376
1693274735877034240
1693274735985405952
1693274736093818624
1693274736210355200
1693274736310485760
1693274736427078656
1693274736535377920
1693274736643738880
1693274736752053504
1693274736860396800
1693274736968901632
1693274737077061888
1693274737185383424
1693274737293704704
1693274737410414080
1693274737518747904
1693274737627074304
1693274737735400960
1693274737852145408
1693274737960493568
1693274738068743680
1693274738177190400
1693274738285421824
1693274738402077696
1693274738510427904
1693274738618799360
1693274738727105280
1693274738835452672
1693274738943789824
1693274739052134400
1693274739160664832
1693274739268801280
1693274739377150464
1693274739493813504
1693274739602147840
1693274739710504704
1693274739818836480
1693274739927159808
1693274740035483648
1693274740143801856
1693274740252269824
1693274740368798464
1693274740477266176
1693274740585486336
1693274740693906688
1693274740802177280
1693274740910574592
1693274741018848000
1693274741127233792
1693274741235501568
1693274741344206336
1693274741452226304
1693274741568879104
1693274741677220864
1693274741785753600
1693274741893870080
1693274742002229760
1693274742110549760
1693274742218969344
1693274742327358976
1693274742435574272
1693274742543986432
1693274742652284928
1693274742768917760
1693274742877227776
1693274742985580544
1693274743094077184
1693274743202233088
1693274743310558208
1693274743418962176
1693274743527296512
1693274743635641344
1693274743752283392
1693274743860609536
1693274743969002240
1693274744077286400
1693274744185644800
1693274744294041856
1693274744410644480
1693274744518971904
1693274744627315712
1693274744735648768
1693274744843968512
1693274744952324864
1693274745060740608
1693274745168980992
1693274745285675264
1693274745394004992
1693274745502316800
1693274745610800896
1693274745719007232
1693274745827471104
1693274745935738112
1693274746044078080
1693274746152343296
1693274746260688128
1693274746377355520
1693274746477358848
1693274746585685760
1693274746702347008
1693274746810735616
1693274746919232000
1693274747027379200
1693274747135735040
1693274747244122880
1693274747352414208
1693274747460918528
1693274747577485568
1693274747677561344
1693274747785754624
1693274747894179584
1693274748010756352
1693274748119079424
1693274748227449600
1693274748335749632
1693274748444212736
1693274748552469504
1693274748660758784
1693274748769140480
1693274748885778688
1693274748994130688
1693274749102451968
1693274749210880768
1693274749327559424
1693274749435883008
1693274749544315392
1693274749652456192
1693274749761001216
1693274749877502464
1693274749985828608
1693274750094231296
1693274750202517248
1693274750310835200
1693274750427534848
1693274750535818752
1693274750635848704
1693274750752496896
1693274750860839168
1693274750969228288
1693274751077606400
1693274751177630208
1693274751285886720
1693274751394245376
1693274751511002624
1693274751619203840
1693274751727550208
1693274751835840768
1693274751952515584
1693274752060945920
1693274752169226496
1693274752277523968
1693274752394218496
1693274752502556160
1693274752610993408
1693274752719222272
1693274752827672576
1693274752944265728
1693274753052548864
1693274753160910848
1693274753269245696
1693274753385984256
1693274753485913088
1693274753602604032
1693274753711066880
1693274753819257088
1693274753919276800
1693274754036094464
1693274754144284416
1693274754252737024
1693274754360965120
1693274754477641472
1693274754585935104
1693274754694370048
1693274754802643456
1693274754911020288
1693274755019275776
1693274755127704320
1693274755235983360
1693274755352663808
1693274755461036800
1693274755569341952
1693274755677660160
1693274755786005504
1693274755894361088
1693274756002664704
1693274756111036928
1693274756219403776
1693274756327846912
1693274756436020224
1693274756544745472
1693274756661032704
1693274756761054208
1693274756877746176
1693274756986072832
1693274757094393600
1693274757202691840
1693274757311216896
1693274757419366912
1693274757527915776
1693274757636116480
1693274757752902400
1693274757861089280
1693274757969528832
1693274758077792000
1693274758186107904
1693274758294458112
1693274758402796544
1693274758511154944
1693274758619432192
1693274758727744000
1693274758836130048
1693274758944470784
1693274759061113088
1693274759169469184
1693274759277793024
1693274759386107392
1693274759494469376
1693274759602769408
1693274759711258112
1693274759819459584
1693274759927848192
1693274760036267776
1693274760144476672
1693274760261200384
1693274760369497344
1693274760477897216
1693274760586157824
1693274760694556160
1693274760802831360
1693274760911184896
1693274761019507712
1693274761127877376
1693274761236291328
1693274761344563712
1693274761452895232
1693274761561221888
1693274761672580608
1693274761780734976
1693274761897387520
1693274762005845760
1693274762114263296
1693274762222441984
1693274762339059712
1693274762447427072
1693274762555781888
1693274762672415744
1693274762780707584
1693274762889048320
1693274762997424896
1693274763105732864
1693274763214110720
1693274763322465280
1693274763430797312
1693274763539144960
1693274763655751936
1693274763764210176
1693274763872401152
1693274763980857600
1693274764089135872
1693274764197561344
1693274764314116096
1693274764422481664
1693274764530816768
1693274764639172096
1693274764747723520
1693274764855833856
1693274764964126976
1693274765072436224
1693274765180996608
1693274765297473024
1693274765405815296
1693274765514197248
1693274765622614272
1693274765730835712
1693274765839161600
1693274765947597568
1693274766055907072
1693274766164362496
1693274766272561152
1693274766380871424
1693274766489233920
1693274766597565696
1693274766714247936
1693274766822551808
1693274766930865664
1693274767039251200
1693274767147607808
1693274767255926272
1693274767364239616
1693274767472583936
1693274767580905472
1693274767689444096
1693274767797713920
1693274767906019584
1693274768014266624
1693274768130963968
1693274768239280384
1693274768347910400
1693274768455935744
1693274768564213504
1693274768680969472
1693274768789289216
1693274768897639424
1693274769005984768
1693274769114303488
1693274769230977024
1693274769339579136
1693274769447687936
1693274769556055808
1693274769664294144
1693274769780971520
1693274769889316096
1693274769997653504
1693274770106045440
1693274770214308608
1693274770322659840
1693274770431045888
1693274770547602432
1693274770656014336
1693274770764578048
1693274770872753920
1693274770981238272
1693274771089356800
1693274771197736704
1693274771314374912
1693274771422741248
1693274771531051776
1693274771639409920
1693274771747728384
1693274771856087808
1693274771964372992
1693274772072727808
1693274772181026304
1693274772289559808
1693274772397707264
1693274772506035968
1693274772622722304
1693274772731130880
1693274772839407360
1693274772947758592
1693274773056221440
1693274773164380928
1693274773272831744
1693274773381106688
1693274773489495040
1693274773606054656
1693274773714610944
1693274773822791680
1693274773931169792
1693274774039497984
1693274774147995136
1693274774256137728
1693274774364446720
1693274774481255424
1693274774589485056
1693274774697841152
1693274774814492160
1693274774914683136
1693274775022819584
1693274775139480576
1693274775239528704
1693274775347828224
1693274775456193792
1693274775564518912
1693274775681188096
1693274775789474304
1693274775897861888
1693274776006166528
1693274776114464000
1693274776222828800
1693274776339597056
1693274776447874304
1693274776556381184
1693274776664572160
1693274776772878080
1693274776889541888
1693274776992208128
1693274777108723712
1693274777217123328
1693274777325511168
1693274777433767424
1693274777542074880
1693274777650475776
1693274777758780672
1693274777867135744
1693274777983797504
1693274778092242688
1693274778200462080
1693274778308776704
1693274778417119488
1693274778525593856
1693274778625665024
1693274778742124032
1693274778850461696
1693274778959061248
1693274779067222016
1693274779175484416
1693274779283790336
1693274779400548608
1693274779508780032
1693274779617142784
1693274779725513216
1693274779833947392
1693274779942125824
1693274780050695168
1693274780158891520
1693274780267212800
1693274780375519744
1693274780492265984
1693274780600614400
1693274780708846592
1693274780817203200
1693274780925850880
1693274781033868800
1693274781142214144
1693274781250618112
1693274781358835456
1693274781467237376
1693274781575549696
1693274781684008960
1693274781792211456
1693274781900601344
1693274782008913408
1693274782125724160
1693274782233840384
1693274782342300928
1693274782450650112
1693274782558986752
1693274782667309312
1693274782775661312
1693274782884244992
1693274782992454144
1693274783100942336
1693274783217319424
1693274783325825280
1693274783434014720
1693274783542498304
1693274783650698496
1693274783759026432
1693274783867430400
1693274783975702528
1693274784092336896
1693274784200655616
1693274784309016576
1693274784417367808
1693274784525754368
1693274784634059008
1693274784742656000
1693274784859052032
1693274784967378432
1693274785075709696
1693274785184041984
1693274785292357632
1693274785400804096
1693274785517389312
1693274785617378304
1693274785734083840
1693274785842376192
1693274785950771712
1693274786059057664
1693274786167388416
1693274786275734272
1693274786384266496
1693274786492434688
1693274786600765440
1693274786717411840
1693274786817481984
1693274786934095616
1693274787042462208
1693274787150769152
1693274787259113216
1693274787367475968
1693274787475852032
1693274787584127744
1693274787692453888
1693274787801038848
1693274787917469696
1693274788025920000
1693274788134133504
1693274788242636288
1693274788350873600
1693274788459153664
1693274788575807488
1693274788684188160
1693274788792557312
1693274788900847872
1693274789009146112
1693274789117752320
1693274789225862656
1693274789334132992
1693274789442817024
1693274789550934784
1693274789667524096
1693274789775826688
1693274789884187648
1693274789992505600
1693274790100872704
1693274790209204992
1693274790317502976
1693274790425922560
1693274790534223104
1693274790650889984
1693274790759136000
1693274790867557632
1693274790975931904
1693274791084238080
1693274791192570880
1693274791300956928
1693274791409242368
1693274791517581056
1693274791625851904
1693274791734503680
1693274791842803200
1693274791950945280
1693274792059248896
1693274792167562496
1693274792284235520
1693274792392568320
1693274792500953600
1693274792609306880
1693274792717562112
1693274792825993216
1693274792934255360
1693274793042679040
1693274793150998272
1693274793267639040
1693274793376154880
1693274793484252928
1693274793592765952
1693274793700922368
1693274793809402112
1693274793917768960
1693274794026035456
1693274794134290176
1693274794243048704
1693274794351002624
1693274794467651072
1693274794576035840
1693274794684419072
1693274794792655360
1693274794900992000
1693274795009707520
1693274795117708800
1693274795226499328
1693274795334373120
1693274795442857728
1693274795559382272
1693274795667707904
1693274795776159744
1693274795884352512
1693274795992653824
1693274796101054720
1693274796209364480
1693274796317702656
1693274796426131968
1693274796534443008
1693274796642734592
1693274796751147776
1693274796859491840
1693274796967720192
1693274797076039424
1693274797184373504
1693274797292758784
1693274797401113344
1693274797509416960
1693274797617804288
1693274797734411520
1693274797842934016
1693274797951162112
1693274798059468544
1693274798167865600
1693274798276157696
1693274798384468736
1693274798492783872
1693274798601333504
1693274798709424384
1693274798817782272
1693274798926186496
1693274799042823168
1693274799142802944
1693274799259486208
1693274799367782912
1693274799476164096
1693274799584446208
1693274799692817408
1693274799801148416
1693274799909693184
1693274800018021376
1693274800126205696
1693274800234454784
1693274800342865152
1693274800459699712
1693274800567844352
1693274800676273152
1693274800784484096
1693274800892901120
1693274801001274112
1693274801109559552
1693274801217885952
1693274801326273280
1693274801434798336
1693274801543077120
1693274801659653888
1693274801767774464
1693274801876255744
1693274801984563456
1693274802084552704
1693274802201135616
1693274802309600768
1693274802417910784
1693274802526180096
1693274802634558208
1693274802742962176
1693274802851237632
1693274802959621120
1693274803067953664
1693274803184556288
1693274803293133568
1693274803401184512
1693274803509731840
1693274803617878784
1693274803726372608
1693274803834658304
1693274803951283200
1693274804059855616
1693274804167929344
1693274804276381952
1693274804384640512
1693274804493059072
1693274804601291776
1693274804709732608
1693274804817943040
1693274804926767872
1693274805043047424
1693274805151314432
1693274805259699712
1693274805368046080
1693274805484656384
1693274805593070592
1693274805693135104
1693274805801319936
1693274805917987072
1693274806026439680
1693274806134842880
1693274806243013376
1693274806351298816
1693274806459811584
1693274806559852032
1693274806676514304
1693274806784758784
1693274806893180672
1693274807001531136
1693274807109842176
1693274807218289408
1693274807326427904
1693274807434746624
1693274807543102464
1693274807651378944
1693274807759839232
1693274807868135680
1693274807976580096
1693274808084747776
1693274808201352192
1693274808309914368
1693274808418039296
1693274808526775040
1693274808634802688
1693274808743195904
1693274808851476480
1693274808959846912
1693274809068195328
1693274809176505344
1693274809284750592
1693274809393154304
1693274809501419264
1693274809609876480
1693274809718503936
1693274809826995200
1693274809943273984
1693274810051534592
1693274810159977728
1693274810268147712
1693274810376625408
1693274810484819200
1693274810593545984
1693274810701509632
1693274810810036992
1693274810926665216
1693274811026643712
1693274811134875136
1693274811251614976
1693274811360090112
1693274811468217344
1693274811576890624
1693274811676645376
1693274811785227776
1693274811901525504
1693274812010136320
1693274812118164992
1693274812226811904
1693274812334827776
1693274812443397376
1693274812551611136
1693274812660418816
1693274812768255488
1693274812877095424
1693274812993390592
1693274813101591552
1693274813210014976
1693274813318287872
1693274813426712832
1693274813535163136
1693274813643301888
1693274813751659520
1693274813860311808
1693274813968292864
1693274814076966144
1693274814193328640
1693274814301547776
1693274814410085888
1693274814518332160
1693274814626695168
1693274814734901504
1693274814843481600
1693274814951654656
1693274815060076800
1693274815168345088
1693274815276715264
1693274815384944640
1693274815493368064
1693274815601720320
1693274815710402560
1693274815818337792
1693274815927146496
1693274816035019776
1693274816151906048
1693274816260111616
1693274816368281856
1693274816468609792
1693274816577050368
1693274816684984064
1693274816793690368
1693274816901672960
1693274817010274816
1693274817118496000
1693274817226859776
1693274817343561472
1693274817451774720
1693274817560150528
1693274817668430080
1693274817776756736
1693274817884980224
1693274817993460224
1693274818101659904
1693274818210113024
1693274818318350848
1693274818426910208
1693274818535101952
1693274818643574784
1693274818751747072
1693274818860365312
1693274818968434944
1693274819076944896
1693274819193548288
1693274819301732096
1693274819410242304
1693274819518483712
1693274819626913280
1693274819735111424
1693274819843673856
1693274819960479744
1693274820068454656
1693274820176937984
1693274820285174272
1693274820393656320
1693274820501764096
1693274820610309120
1693274820718805504
1693274820827094016
1693274820935479552
1693274821043823104
1693274821152165888
1693274821260497920
1693274821377125120
1693274821485133312
1693274821593854208
1693274821702073344
1693274821810357760
1693274821918515200
1693274822026935040
1693274822135214592
1693274822243607040
1693274822360321536
1693274822468520192
1693274822576994816
1693274822685181952
1693274822789836032
1693274822898116608
1693274823006884096
1693274823123132160
1693274823231502592
1693274823331607552
1693274823440004864
1693274823556465408
1693274823664911616
1693274823773176576
1693274823881480192
1693274823989880832
1693274824098213120
1693274824206416384
1693274824314911488
1693274824423108096
1693274824531490816
1693274824639986688
1693274824756499456
1693274824864828928
1693274824973244160
1693274825081606400
1693274825189923584
1693274825298710016
1693274825406615808
1693274825523392256
1693274825623457536
1693274825731727872
1693274825848315392
1693274825948321536
1693274826064897536
1693274826164873472
1693274826273155072
1693274826381579264
1693274826498320896
1693274826606699776
1693274826714861568
1693274826823211520
1693274826931609856
1693274827039927040
1693274827148457984
1693274827256731648
1693274827373223424
1693274827481587968
1693274827590280960
1693274827698253824
1693274827806608384
1693274827915013632
1693274828023459840
1693274828131623424
1693274828240076032
1693274828348491520
1693274828456725248
1693274828573266688
1693274828681625344
1693274828790020352
1693274828898412288
1693274829006676224
1693274829115064064
1693274829223352064
1693274829331793920
1693274829440415232
1693274829548308224
1693274829665210624
1693274829773312768
1693274829881783040
1693274829989964800
1693274830098415616
1693274830206660864
1693274830314939904
1693274830423360000
1693274830531713280
1693274830640055296
1693274830748386048
1693274830856688128
1693274830965236992
1693274831081697280
1693274831189984512
1693274831290015744
1693274831398535424
1693274831515054336
1693274831623369216
1693274831731775744
1693274831840046080
1693274831948637696
1693274832056814080
1693274832165299456
1693274832281747712
1693274832381858816
1693274832490131200
1693274832607112704
1693274832715014400
1693274832823487232
1693274832931783168
1693274833040054528
1693274833148556032
1693274833256843264
1693274833373364480
1693274833473557504
1693274833581783552
1693274833698375168
1693274833807147776
1693274833915311104
1693274834023704576
1693274834131932160
1693274834240401664
1693274834348518400
1693274834457021696
1693274834565274880
1693274834673675008
1693274834781960192
1693274834890363904
1693274834998968320
1693274835106992896
1693274835215242752
1693274835323929344
1693274835431861248
1693274835540341504
1693274835657239296
1693274835765201152
1693274835873706240
1693274835981916928
1693274836090493696
1693274836200187136
1693274836308455680
1693274836416828672
1693274836525210624
1693274836633608704
1693274836741840384
1693274836850426624
1693274836958475520
1693274837066782976
1693274837175263488
1693274837283859712
1693274837391799296
1693274837508670720
1693274837608563968
1693274837716882176
1693274837833526272
1693274837934033920
1693274838050210560
1693274838158622976
1693274838266969344
1693274838375298048
1693274838483546880
1693274838591899904
1693274838700259328
1693274838808606208
1693274838916942080
1693274839025253120
1693274839141858816
1693274839250218752
1693274839358668800
1693274839466934784
1693274839575379200
1693274839683796736
1693274839792088320
1693274839900216320
1693274840008691712
1693274840117113344
1693274840225346816
1693274840333571584
1693274840442325504
1693274840550332928
1693274840650301952
1693274840758670592
1693274840866945536
1693274840983663360
1693274841092044288
1693274841200701184
1693274841308966656
1693274841417273600
1693274841525481216
1693274841633634048
1693274841741980416
1693274841850398208
1693274841966971392
1693274842075564288
1693274842183726592
1693274842292095488
1693274842400332800
1693274842508885248
1693274842617089792
1693274842733606400
1693274842842022656
1693274842950519808
1693274843058784000
1693274843167170816
1693274843283683328
1693274843392077056
1693274843500366592
1693274843608617984
1693274843717120768
1693274843825379328
1693274843925407232
1693274844042061568
1693274844150504704
